0
1
0
1
-4
-5
-2
2
65
2
-0
-9
10
11
-6
21
21
12
0
-0
90
-12
34
-43
-90
-8
-78
-9
-12
12
23
45
1
0
1
-4
-5
-2
2
65
2
-0
-9
10
11
-6
21
21
12
0
-0
90
-12
34
-43
-90
-8
-78
-9
-12
12
23
45
1
0
1
-4
-5
-2
2
65
2
-0
-9
10
11
-6
21
21
12
0
-0
90
-12
34
-43
-90
-8
-78
-9
-12
12
23
45
1
0
1
-4
-5
-2
2
65
2
-0
-9
10
11
-6
21
21
12
0
-0
90
-12
34
-43
-90
-8
-78
-9
-12
12
23
45
1
0
1
-4
-5
-2
2
65
2
-0
-9
10
11
-6
21
21
12
0
-0
90
-12
34
-43
-90
-8
-78
-9
-12
12
23
45
1
0
1
-4
-5
-2
2
65
2
-0
-9
10
11
-6
21
21
12
0
-0
90
-12
34
-43
-90
-8
-78
-9
-12
12
23
45
1
0
1
-4
-5
-2
2
65
2
-0
-9
10
11
-6
21
21
12
0
-0
90
-12
34
-43
-90
-8
-78
-9
-12
12
23
45
1
0
1
-4
-5
-2
2
65
2
-0
-9
10
11
-6
21
21
12
0
-0
90
-12
34
-43
-90
-8
-78
-9
-12
12
23
45
1
0
1
-4
-5
-2
2
65
2
-0
-9
10
11
-6
21
21
12
0
-0
90
-12
34
-43
-90
-8
-78
-9
-12
12
23
45
1
0
1
-4
-5
-2
2
65
2
-0
-9
10
11
-6
21
21
12
0
-0
90
-12
34
-43
-90
-8
-78
-9
-12
12
23
45
1
0
1
-4
-5
-2
2
65
2
-0
-9
10
11
-6
21
21
12
0
-0
90
-12
34
-43
-90
-8
-78
-9
-12
12
23
45
1
0
1
-4
-5
-2
2
65
2
-0
-9
10
11
-6
21
21
12
0
-0
90
-12
34
-43
-90
-8
-78
-9
-12
12
23
45
1
0
1
-4
-5
-2
2
65
2
-0
-9
10
11
-6
21
21
12
0
-0
90
-12
34
-43
-90
-8
-78
-9
-12
12
23
45
1
0
1
-4
-5
-2
2
65
2
-0
-9
10
11
-6
21
21
12
0
-0
90
-12
34
-43
-90
-8
-78
-9
-12
12
23
45
